$keys EEE AH N RR PP P AW OO FV ST WQ Y EE TH GK UH T SH LTH AE OH DS ER FFF AIY MB WQU 
$hasweighting
$normalized
"SH" 	"0x283"	0.00000	1.000	0.00000	1.000	0.00000	1.000	0.00000	1.000	0.00000	1.000	0.00000	1.000	0.00000	1.000	0.00000	1.000	0.00000	1.000	0.00000	1.000	0.00000	1.000	0.00000	1.000	0.00000	1.000	0.00000	1.000	0.00000	1.000	0.00000	1.000	0.00000	1.000	1.00000	1.000	0.00000	1.000	0.00000	1.000	0.00000	1.000	0.00000	1.000	0.00000	1.000	0.00000	1.000	0.00000	1.000	0.00000	1.000	0.00000	1.000	"SHe : voiceless postalveolar fricative"
"EEE" 	"_" 	1.00000	1.000	0.00000	1.000	0.00000	1.000	0.00000	1.000	0.00000	1.000	0.00000	1.000	0.00000	1.000	0.00000	1.000	0.00000	1.000	0.00000	1.000	0.00000	1.000	0.00000	1.000	0.00000	1.000	0.00000	1.000	0.00000	1.000	0.00000	1.000	0.00000	1.000	0.00000	1.000	0.00000	1.000	0.00000	1.000	0.00000	1.000	0.00000	1.000	0.00000	1.000	0.00000	1.000	0.00000	1.000	0.00000	1.000	0.00000	1.000	"EEE"
"WQU" 	"_" 	0.00000	1.000	0.00000	1.000	0.00000	1.000	0.00000	1.000	0.00000	1.000	0.00000	1.000	0.00000	1.000	0.00000	1.000	0.00000	1.000	0.00000	1.000	0.00000	1.000	0.00000	1.000	0.00000	1.000	0.00000	1.000	0.00000	1.000	0.00000	1.000	0.00000	1.000	0.00000	1.000	0.00000	1.000	0.00000	1.000	0.00000	1.000	0.00000	1.000	0.00000	1.000	0.00000	1.000	0.00000	1.000	0.00000	1.000	1.00000	1.000	"WQU"
"FFF" 	"_" 	0.00000	1.000	0.00000	1.000	0.00000	1.000	0.00000	1.000	0.00000	1.000	0.00000	1.000	0.00000	1.000	0.00000	1.000	0.00000	1.000	0.00000	1.000	0.00000	1.000	0.00000	1.000	0.00000	1.000	0.00000	1.000	0.00000	1.000	0.00000	1.000	0.00000	1.000	0.00000	1.000	0.00000	1.000	0.00000	1.000	0.00000	1.000	0.00000	1.000	0.00000	1.000	1.00000	1.000	0.00000	1.000	0.00000	1.000	0.00000	1.000	"FFF"
"ER" 	"0x25a"	0.00000	1.000	0.00000	1.000	0.00000	1.000	0.00000	1.000	0.00000	1.000	0.00000	1.000	0.00000	1.000	0.00000	1.000	0.00000	1.000	0.00000	1.000	0.00000	1.000	0.00000	1.000	0.00000	1.000	0.00000	1.000	0.00000	1.000	0.00000	1.000	0.00000	1.000	0.00000	1.000	0.00000	1.000	0.00000	1.000	0.00000	1.000	0.00000	1.000	1.00000	1.000	0.00000	1.000	0.00000	1.000	0.00000	1.000	0.00000	1.000	"URn : rhotacized schwa"
"DS" 	"_" 	0.00000	1.000	0.00000	1.000	0.00000	1.000	0.00000	1.000	0.00000	1.000	0.00000	1.000	0.00000	1.000	0.00000	1.000	0.00000	1.000	0.00000	1.000	0.00000	1.000	0.00000	1.000	0.00000	1.000	0.00000	1.000	0.00000	1.000	0.00000	1.000	0.00000	1.000	0.00000	1.000	0.00000	1.000	0.00000	1.000	0.00000	1.000	1.00000	1.000	0.00000	1.000	0.00000	1.000	0.00000	1.000	0.00000	1.000	0.00000	1.000	"DS"
"MB" 	"_" 	0.00000	1.000	0.00000	1.000	0.00000	1.000	0.00000	1.000	0.00000	1.000	0.00000	1.000	0.00000	1.000	0.00000	1.000	0.00000	1.000	0.00000	1.000	0.00000	1.000	0.00000	1.000	0.00000	1.000	0.00000	1.000	0.00000	1.000	0.00000	1.000	0.00000	1.000	0.00000	1.000	0.00000	1.000	0.00000	1.000	0.00000	1.000	0.00000	1.000	0.00000	1.000	0.00000	1.000	0.00000	1.000	1.00000	1.000	0.00000	1.000	"MB"
"AIY" 	"_" 	0.00000	1.000	0.00000	1.000	0.00000	1.000	0.00000	1.000	0.00000	1.000	0.00000	1.000	0.00000	1.000	0.00000	1.000	0.00000	1.000	0.00000	1.000	0.00000	1.000	0.00000	1.000	0.00000	1.000	0.00000	1.000	0.00000	1.000	0.00000	1.000	0.00000	1.000	0.00000	1.000	0.00000	1.000	0.00000	1.000	0.00000	1.000	0.00000	1.000	0.00000	1.000	0.00000	1.000	1.00000	1.000	0.00000	1.000	0.00000	1.000	"AIY"
"RR" 	"_" 	0.00000	1.000	0.00000	1.000	0.00000	1.000	1.00000	1.000	0.00000	1.000	0.00000	1.000	0.00000	1.000	0.00000	1.000	0.00000	1.000	0.00000	1.000	0.00000	1.000	0.00000	1.000	0.00000	1.000	0.00000	1.000	0.00000	1.000	0.00000	1.000	0.00000	1.000	0.00000	1.000	0.00000	1.000	0.00000	1.000	0.00000	1.000	0.00000	1.000	0.00000	1.000	0.00000	1.000	0.00000	1.000	0.00000	1.000	0.00000	1.000	"RR"
"OO" 	"_" 	0.00000	1.000	0.00000	1.000	0.00000	1.000	0.00000	1.000	0.00000	1.000	0.00000	1.000	0.00000	1.000	1.00000	1.000	0.00000	1.000	0.00000	1.000	0.00000	1.000	0.00000	1.000	0.00000	1.000	0.00000	1.000	0.00000	1.000	0.00000	1.000	0.00000	1.000	0.00000	1.000	0.00000	1.000	0.00000	1.000	0.00000	1.000	0.00000	1.000	0.00000	1.000	0.00000	1.000	0.00000	1.000	0.00000	1.000	0.00000	1.000	"OO"
"WQ" 	"_" 	0.00000	1.000	0.00000	1.000	0.00000	1.000	0.00000	1.000	0.00000	1.000	0.00000	1.000	0.00000	1.000	0.00000	1.000	0.00000	1.000	0.00000	1.000	1.00000	1.000	0.00000	1.000	0.00000	1.000	0.00000	1.000	0.00000	1.000	0.00000	1.000	0.00000	1.000	0.00000	1.000	0.00000	1.000	0.00000	1.000	0.00000	1.000	0.00000	1.000	0.00000	1.000	0.00000	1.000	0.00000	1.000	0.00000	1.000	0.00000	1.000	"WQ"
"AW" 	"0x251"	0.00000	1.000	0.00000	1.000	0.00000	1.000	0.00000	1.000	0.00000	1.000	0.00000	1.000	1.00000	1.000	0.00000	1.000	0.00000	1.000	0.00000	1.000	0.00000	1.000	0.00000	1.000	0.00000	1.000	0.00000	1.000	0.00000	1.000	0.00000	1.000	0.00000	1.000	0.00000	1.000	0.00000	1.000	0.00000	1.000	0.00000	1.000	0.00000	1.000	0.00000	1.000	0.00000	1.000	0.00000	1.000	0.00000	1.000	0.00000	1.000	"fAther : low back unrounded vowel"
"UH" 	"0x28a"	0.00000	1.000	0.00000	1.000	0.00000	1.000	0.00000	1.000	0.00000	1.000	0.00000	1.000	0.00000	1.000	0.00000	1.000	0.00000	1.000	0.00000	1.000	0.00000	1.000	0.00000	1.000	0.00000	1.000	0.00000	1.000	0.00000	1.000	1.00000	1.000	0.00000	1.000	0.00000	1.000	0.00000	1.000	0.00000	1.000	0.00000	1.000	0.00000	1.000	0.00000	1.000	0.00000	1.000	0.00000	1.000	0.00000	1.000	0.00000	1.000	"bOOk : semi-high back rounded vowel"
"OH" 	"_" 	0.00000	1.000	0.00000	1.000	0.00000	1.000	0.00000	1.000	0.00000	1.000	0.00000	1.000	0.00000	1.000	0.00000	1.000	0.00000	1.000	0.00000	1.000	0.00000	1.000	0.00000	1.000	0.00000	1.000	0.00000	1.000	0.00000	1.000	0.00000	1.000	0.00000	1.000	0.00000	1.000	0.00000	1.000	0.00000	1.000	1.00000	1.000	0.00000	1.000	0.00000	1.000	0.00000	1.000	0.00000	1.000	0.00000	1.000	0.00000	1.000	"OH"
"GK" 	"_" 	0.00000	1.000	0.00000	1.000	0.00000	1.000	0.00000	1.000	0.00000	1.000	0.00000	1.000	0.00000	1.000	0.00000	1.000	0.00000	1.000	0.00000	1.000	0.00000	1.000	0.00000	1.000	0.00000	1.000	0.00000	1.000	1.00000	1.000	0.00000	1.000	0.00000	1.000	0.00000	1.000	0.00000	1.000	0.00000	1.000	0.00000	1.000	0.00000	1.000	0.00000	1.000	0.00000	1.000	0.00000	1.000	0.00000	1.000	0.00000	1.000	"GK"
"T" 	"t" 	0.00000	1.000	0.00000	1.000	0.00000	1.000	0.00000	1.000	0.00000	1.000	0.00000	1.000	0.00000	1.000	0.00000	1.000	0.00000	1.000	0.00000	1.000	0.00000	1.000	0.00000	1.000	0.00000	1.000	0.00000	1.000	0.00000	1.000	0.00000	1.000	1.00000	1.000	0.00000	1.000	0.00000	1.000	0.00000	1.000	0.00000	1.000	0.00000	1.000	0.00000	1.000	0.00000	1.000	0.00000	1.000	0.00000	1.000	0.00000	1.000	"Talk : voiceless bilabial stop"
"N" 	"n" 	0.00000	1.000	0.00000	1.000	1.00000	1.000	0.00000	1.000	0.00000	1.000	0.00000	1.000	0.00000	1.000	0.00000	1.000	0.00000	1.000	0.00000	1.000	0.00000	1.000	0.00000	1.000	0.00000	1.000	0.00000	1.000	0.00000	1.000	0.00000	1.000	0.00000	1.000	0.00000	1.000	0.00000	1.000	0.00000	1.000	0.00000	1.000	0.00000	1.000	0.00000	1.000	0.00000	1.000	0.00000	1.000	0.00000	1.000	0.00000	1.000	"No : voiced alveolar nasal"
"TH" 	"0x3b8"	0.00000	1.000	0.00000	1.000	0.00000	1.000	0.00000	1.000	0.00000	1.000	0.00000	1.000	0.00000	1.000	0.00000	1.000	0.00000	1.000	0.00000	1.000	0.00000	1.000	0.00000	1.000	0.00000	1.000	1.00000	1.000	0.00000	1.000	0.00000	1.000	0.00000	1.000	0.00000	1.000	0.00000	1.000	0.00000	1.000	0.00000	1.000	0.00000	1.000	0.00000	1.000	0.00000	1.000	0.00000	1.000	0.00000	1.000	0.00000	1.000	"THin : voiceless dental fricative"
"EE" 	"_" 	0.00000	1.000	0.00000	1.000	0.00000	1.000	0.00000	1.000	0.00000	1.000	0.00000	1.000	0.00000	1.000	0.00000	1.000	0.00000	1.000	0.00000	1.000	0.00000	1.000	0.00000	1.000	1.00000	1.000	0.00000	1.000	0.00000	1.000	0.00000	1.000	0.00000	1.000	0.00000	1.000	0.00000	1.000	0.00000	1.000	0.00000	1.000	0.00000	1.000	0.00000	1.000	0.00000	1.000	0.00000	1.000	0.00000	1.000	0.00000	1.000	"EE"
"Y" 	"j" 	0.00000	1.000	0.00000	1.000	0.00000	1.000	0.00000	1.000	0.00000	1.000	0.00000	1.000	0.00000	1.000	0.00000	1.000	0.00000	1.000	0.00000	1.000	0.00000	1.000	1.00000	1.000	0.00000	1.000	0.00000	1.000	0.00000	1.000	0.00000	1.000	0.00000	1.000	0.00000	1.000	0.00000	1.000	0.00000	1.000	0.00000	1.000	0.00000	1.000	0.00000	1.000	0.00000	1.000	0.00000	1.000	0.00000	1.000	0.00000	1.000	"Yacht : voiced palatal approximant"
"LTH" 	"_" 	0.00000	1.000	0.00000	1.000	0.00000	1.000	0.00000	1.000	0.00000	1.000	0.00000	1.000	0.00000	1.000	0.00000	1.000	0.00000	1.000	0.00000	1.000	0.00000	1.000	0.00000	1.000	0.00000	1.000	0.00000	1.000	0.00000	1.000	0.00000	1.000	0.00000	1.000	0.00000	1.000	1.00000	1.000	0.00000	1.000	0.00000	1.000	0.00000	1.000	0.00000	1.000	0.00000	1.000	0.00000	1.000	0.00000	1.000	0.00000	1.000	"LTH"
"AH" 	"0x28c"	0.00000	1.000	1.00000	1.000	0.00000	1.000	0.00000	1.000	0.00000	1.000	0.00000	1.000	0.00000	1.000	0.00000	1.000	0.00000	1.000	0.00000	1.000	0.00000	1.000	0.00000	1.000	0.00000	1.000	0.00000	1.000	0.00000	1.000	0.00000	1.000	0.00000	1.000	0.00000	1.000	0.00000	1.000	0.00000	1.000	0.00000	1.000	0.00000	1.000	0.00000	1.000	0.00000	1.000	0.00000	1.000	0.00000	1.000	0.00000	1.000	"cUt : lower-mid back unrounded vowel"
"ST" 	"_" 	0.00000	1.000	0.00000	1.000	0.00000	1.000	0.00000	1.000	0.00000	1.000	0.00000	1.000	0.00000	1.000	0.00000	1.000	0.00000	1.000	1.00000	1.000	0.00000	1.000	0.00000	1.000	0.00000	1.000	0.00000	1.000	0.00000	1.000	0.00000	1.000	0.00000	1.000	0.00000	1.000	0.00000	1.000	0.00000	1.000	0.00000	1.000	0.00000	1.000	0.00000	1.000	0.00000	1.000	0.00000	1.000	0.00000	1.000	0.00000	1.000	"ST"
"P" 	"p" 	0.00000	1.000	0.00000	1.000	0.00000	1.000	0.00000	1.000	0.00000	1.000	1.00000	1.000	0.00000	1.000	0.00000	1.000	0.00000	1.000	0.00000	1.000	0.00000	1.000	0.00000	1.000	0.00000	1.000	0.00000	1.000	0.00000	1.000	0.00000	1.000	0.00000	1.000	0.00000	1.000	0.00000	1.000	0.00000	1.000	0.00000	1.000	0.00000	1.000	0.00000	1.000	0.00000	1.000	0.00000	1.000	0.00000	1.000	0.00000	1.000	"Put; voiceless alveolar stop"
"AE" 	"0xe6"	0.00000	1.000	0.00000	1.000	0.00000	1.000	0.00000	1.000	0.00000	1.000	0.00000	1.000	0.00000	1.000	0.00000	1.000	0.00000	1.000	0.00000	1.000	0.00000	1.000	0.00000	1.000	0.00000	1.000	0.00000	1.000	0.00000	1.000	0.00000	1.000	0.00000	1.000	0.00000	1.000	0.00000	1.000	1.00000	1.000	0.00000	1.000	0.00000	1.000	0.00000	1.000	0.00000	1.000	0.00000	1.000	0.00000	1.000	0.00000	1.000	"cAt : semi-low front unrounded vowel"
"FV" 	"_" 	0.00000	1.000	0.00000	1.000	0.00000	1.000	0.00000	1.000	0.00000	1.000	0.00000	1.000	0.00000	1.000	0.00000	1.000	1.00000	1.000	0.00000	1.000	0.00000	1.000	0.00000	1.000	0.00000	1.000	0.00000	1.000	0.00000	1.000	0.00000	1.000	0.00000	1.000	0.00000	1.000	0.00000	1.000	0.00000	1.000	0.00000	1.000	0.00000	1.000	0.00000	1.000	0.00000	1.000	0.00000	1.000	0.00000	1.000	0.00000	1.000	"FV"
"PP" 	"_" 	0.00000	1.000	0.00000	1.000	0.00000	1.000	0.00000	1.000	1.00000	1.000	0.00000	1.000	0.00000	1.000	0.00000	1.000	0.00000	1.000	0.00000	1.000	0.00000	1.000	0.00000	1.000	0.00000	1.000	0.00000	1.000	0.00000	1.000	0.00000	1.000	0.00000	1.000	0.00000	1.000	0.00000	1.000	0.00000	1.000	0.00000	1.000	0.00000	1.000	0.00000	1.000	0.00000	1.000	0.00000	1.000	0.00000	1.000	0.00000	1.000	"PP"
